
-----------PSSM------------- 
A  0.30 0.40 0.40 1.00 0.70 
T  0.10 0.10 0.10 0.00 0.00 
C  0.30 0.40 0.30 0.00 0.30 
G  0.30 0.10 0.20 0.00 0.00 
----------------------------

-----------PSSM------------- 
A  0.60 1.00 0.60 0.00 0.70 
T  0.00 0.00 0.20 0.00 0.00 
C  0.30 0.00 0.10 1.00 0.20 
G  0.10 0.00 0.10 0.00 0.10 
----------------------------

-----------PSSM------------- 
A  0.30 0.00 1.00 0.40 0.40 
T  0.10 0.00 0.00 0.10 0.20 
C  0.40 1.00 0.00 0.20 0.40 
G  0.20 0.00 0.00 0.30 0.00 
----------------------------

-----------PSSM------------- 
A  1.00 0.50 0.00 0.60 0.60 
T  0.00 0.20 0.00 0.00 0.20 
C  0.00 0.10 1.00 0.30 0.20 
G  0.00 0.20 0.00 0.10 0.00 
----------------------------

-----------PSSM------------- 
A  1.00 0.40 0.30 1.00 0.70 
T  0.00 0.10 0.10 0.00 0.10 
C  0.00 0.20 0.50 0.00 0.10 
G  0.00 0.30 0.10 0.00 0.10 
----------------------------

-----------PSSM------------- 
A  0.60 0.40 0.00 1.00 0.50 
T  0.00 0.10 0.00 0.00 0.20 
C  0.10 0.40 1.00 0.00 0.10 
G  0.30 0.10 0.00 0.00 0.20 
----------------------------

-----------PSSM------------- 
A  0.20 0.10 1.00 1.00 0.80 
T  0.00 0.20 0.00 0.00 0.00 
C  0.50 0.50 0.00 0.00 0.20 
G  0.30 0.20 0.00 0.00 0.00 
----------------------------

-----------PSSM------------- 
A  0.30 0.40 0.40 1.00 0.70 
T  0.10 0.10 0.10 0.00 0.00 
C  0.30 0.40 0.30 0.00 0.30 
G  0.30 0.10 0.20 0.00 0.00 
----------------------------

-----------PSSM------------- 
A  0.60 1.00 0.60 0.00 0.70 
T  0.00 0.00 0.20 0.00 0.00 
C  0.30 0.00 0.10 1.00 0.20 
G  0.10 0.00 0.10 0.00 0.10 
----------------------------

-----------PSSM------------- 
A  0.40 0.00 0.20 1.00 0.80 
T  0.10 0.00 0.40 0.00 0.10 
C  0.20 1.00 0.40 0.00 0.00 
G  0.30 0.00 0.00 0.00 0.10 
----------------------------

-----------PSSM------------- 
A  0.10 1.00 0.70 1.00 0.60 
T  0.20 0.00 0.00 0.00 0.00 
C  0.50 0.00 0.20 0.00 0.10 
G  0.20 0.00 0.10 0.00 0.30 
----------------------------

-----------PSSM------------- 
A  0.30 1.00 0.70 0.60 1.00 
T  0.20 0.00 0.00 0.10 0.00 
C  0.50 0.00 0.00 0.30 0.00 
G  0.00 0.00 0.30 0.00 0.00 
----------------------------

-----------PSSM------------- 
A  0.50 0.00 0.60 0.60 0.40 
T  0.20 0.00 0.00 0.20 0.10 
C  0.10 1.00 0.30 0.20 0.40 
G  0.20 0.00 0.10 0.00 0.10 
----------------------------

-----------PSSM------------- 
A  1.00 0.40 0.30 1.00 0.70 
T  0.00 0.10 0.10 0.00 0.10 
C  0.00 0.20 0.50 0.00 0.10 
G  0.00 0.30 0.10 0.00 0.10 
----------------------------

-----------PSSM------------- 
A  1.00 0.40 0.30 1.00 0.70 
T  0.00 0.10 0.10 0.00 0.10 
C  0.00 0.20 0.50 0.00 0.10 
G  0.00 0.30 0.10 0.00 0.10 
----------------------------

-----------PSSM------------- 
A  0.30 0.40 0.40 1.00 0.70 
T  0.10 0.10 0.10 0.00 0.00 
C  0.30 0.40 0.30 0.00 0.30 
G  0.30 0.10 0.20 0.00 0.00 
----------------------------

-----------PSSM------------- 
A  0.30 0.40 1.00 0.80 0.40 
T  0.10 0.10 0.00 0.10 0.10 
C  0.30 0.40 0.00 0.00 0.40 
G  0.30 0.10 0.00 0.10 0.10 
----------------------------

-----------PSSM------------- 
A  1.00 0.80 0.50 0.60 0.70 
T  0.00 0.00 0.00 0.10 0.10 
C  0.00 0.00 0.40 0.10 0.10 
G  0.00 0.20 0.10 0.20 0.10 
----------------------------

-----------PSSM------------- 
A  1.00 1.00 0.80 0.60 0.70 
T  0.00 0.00 0.00 0.00 0.10 
C  0.00 0.00 0.10 0.30 0.00 
G  0.00 0.00 0.10 0.10 0.20 
----------------------------

-----------PSSM------------- 
A  1.00 0.40 0.30 1.00 0.70 
T  0.00 0.10 0.10 0.00 0.10 
C  0.00 0.20 0.50 0.00 0.10 
G  0.00 0.30 0.10 0.00 0.10 
----------------------------

-----------PSSM------------- 
A  0.30 0.40 0.40 1.00 0.70 
T  0.10 0.10 0.10 0.00 0.00 
C  0.30 0.40 0.30 0.00 0.30 
G  0.30 0.10 0.20 0.00 0.00 
----------------------------

-----------PSSM------------- 
A  1.00 0.80 0.50 0.60 0.70 
T  0.00 0.00 0.00 0.10 0.10 
C  0.00 0.00 0.40 0.10 0.10 
G  0.00 0.20 0.10 0.20 0.10 
----------------------------

-----------PSSM------------- 
A  0.30 0.40 1.00 0.80 0.40 
T  0.10 0.10 0.00 0.10 0.10 
C  0.30 0.40 0.00 0.00 0.40 
G  0.30 0.10 0.00 0.10 0.10 
----------------------------

-----------PSSM------------- 
A  0.30 0.40 0.40 1.00 0.70 
T  0.10 0.10 0.10 0.00 0.00 
C  0.30 0.40 0.30 0.00 0.30 
G  0.30 0.10 0.20 0.00 0.00 
----------------------------

-----------PSSM------------- 
A  0.30 0.40 0.40 1.00 0.70 
T  0.10 0.10 0.10 0.00 0.00 
C  0.30 0.40 0.30 0.00 0.30 
G  0.30 0.10 0.20 0.00 0.00 
----------------------------

-----------PSSM------------- 
A  1.00 0.50 0.00 0.60 0.60 
T  0.00 0.20 0.00 0.00 0.20 
C  0.00 0.10 1.00 0.30 0.20 
G  0.00 0.20 0.00 0.10 0.00 
----------------------------

-----------PSSM------------- 
A  0.00 0.30 1.00 0.80 0.60 
T  0.00 0.20 0.00 0.00 0.10 
C  1.00 0.50 0.00 0.00 0.20 
G  0.00 0.00 0.00 0.20 0.10 
----------------------------

-----------PSSM------------- 
A  1.00 0.70 1.00 0.60 0.60 
T  0.00 0.00 0.00 0.00 0.10 
C  0.00 0.20 0.00 0.10 0.10 
G  0.00 0.10 0.00 0.30 0.20 
----------------------------

-----------PSSM------------- 
A  1.00 0.80 0.50 0.60 0.70 
T  0.00 0.00 0.00 0.10 0.10 
C  0.00 0.00 0.40 0.10 0.10 
G  0.00 0.20 0.10 0.20 0.10 
----------------------------

-----------PSSM------------- 
A  1.00 0.80 0.50 0.60 0.70 
T  0.00 0.00 0.00 0.10 0.10 
C  0.00 0.00 0.40 0.10 0.10 
G  0.00 0.20 0.10 0.20 0.10 
----------------------------

-----------PSSM------------- 
A  1.00 0.80 0.50 0.60 0.70 
T  0.00 0.00 0.00 0.10 0.10 
C  0.00 0.00 0.40 0.10 0.10 
G  0.00 0.20 0.10 0.20 0.10 
----------------------------

-----------PSSM------------- 
A  1.00 0.50 0.00 0.60 0.60 
T  0.00 0.20 0.00 0.00 0.20 
C  0.00 0.10 1.00 0.30 0.20 
G  0.00 0.20 0.00 0.10 0.00 
----------------------------

-----------PSSM------------- 
A  0.00 0.30 1.00 0.80 0.60 
T  0.00 0.20 0.00 0.00 0.10 
C  1.00 0.50 0.00 0.00 0.20 
G  0.00 0.00 0.00 0.20 0.10 
----------------------------

-----------PSSM------------- 
A  1.00 0.70 1.00 0.60 0.60 
T  0.00 0.00 0.00 0.00 0.10 
C  0.00 0.20 0.00 0.10 0.10 
G  0.00 0.10 0.00 0.30 0.20 
----------------------------

-----------PSSM------------- 
A  0.30 0.40 1.00 0.80 0.40 
T  0.10 0.10 0.00 0.10 0.10 
C  0.30 0.40 0.00 0.00 0.40 
G  0.30 0.10 0.00 0.10 0.10 
----------------------------

-----------PSSM------------- 
A  1.00 1.00 0.80 0.60 0.70 
T  0.00 0.00 0.00 0.00 0.10 
C  0.00 0.00 0.10 0.30 0.00 
G  0.00 0.00 0.10 0.10 0.20 
----------------------------

-----------PSSM------------- 
A  1.00 0.80 0.50 0.60 0.70 
T  0.00 0.00 0.00 0.10 0.10 
C  0.00 0.00 0.40 0.10 0.10 
G  0.00 0.20 0.10 0.20 0.10 
----------------------------

-----------PSSM------------- 
A  0.30 0.40 1.00 0.80 0.40 
T  0.10 0.10 0.00 0.10 0.10 
C  0.30 0.40 0.00 0.00 0.40 
G  0.30 0.10 0.00 0.10 0.10 
----------------------------

-----------PSSM------------- 
A  1.00 0.80 0.50 0.60 0.70 
T  0.00 0.00 0.00 0.10 0.10 
C  0.00 0.00 0.40 0.10 0.10 
G  0.00 0.20 0.10 0.20 0.10 
----------------------------

-----------PSSM------------- 
A  1.00 0.80 0.50 0.60 0.70 
T  0.00 0.00 0.00 0.10 0.10 
C  0.00 0.00 0.40 0.10 0.10 
G  0.00 0.20 0.10 0.20 0.10 
----------------------------

-----------PSSM------------- 
A  0.30 0.00 1.00 0.40 0.40 
T  0.10 0.00 0.00 0.10 0.20 
C  0.40 1.00 0.00 0.20 0.40 
G  0.20 0.00 0.00 0.30 0.00 
----------------------------

-----------PSSM------------- 
A  0.00 1.00 1.00 0.90 0.60 
T  0.20 0.00 0.00 0.00 0.00 
C  0.60 0.00 0.00 0.10 0.20 
G  0.20 0.00 0.00 0.00 0.20 
----------------------------

-----------PSSM------------- 
A  0.30 1.00 0.70 0.60 1.00 
T  0.20 0.00 0.00 0.10 0.00 
C  0.50 0.00 0.00 0.30 0.00 
G  0.00 0.00 0.30 0.00 0.00 
----------------------------

-----------PSSM------------- 
A  0.50 0.00 0.60 0.60 0.40 
T  0.20 0.00 0.00 0.20 0.10 
C  0.10 1.00 0.30 0.20 0.40 
G  0.20 0.00 0.10 0.00 0.10 
----------------------------

-----------PSSM------------- 
A  1.00 0.80 0.50 0.60 0.70 
T  0.00 0.00 0.00 0.10 0.10 
C  0.00 0.00 0.40 0.10 0.10 
G  0.00 0.20 0.10 0.20 0.10 
----------------------------

-----------PSSM------------- 
A  1.00 1.00 0.80 0.60 0.70 
T  0.00 0.00 0.00 0.00 0.10 
C  0.00 0.00 0.10 0.30 0.00 
G  0.00 0.00 0.10 0.10 0.20 
----------------------------

-----------PSSM------------- 
A  0.60 1.00 0.60 0.00 0.70 
T  0.00 0.00 0.20 0.00 0.00 
C  0.30 0.00 0.10 1.00 0.20 
G  0.10 0.00 0.10 0.00 0.10 
----------------------------

-----------PSSM------------- 
A  0.40 0.00 0.20 1.00 0.80 
T  0.10 0.00 0.40 0.00 0.10 
C  0.20 1.00 0.40 0.00 0.00 
G  0.30 0.00 0.00 0.00 0.10 
----------------------------

-----------PSSM------------- 
A  1.00 0.80 0.50 0.60 0.70 
T  0.00 0.00 0.00 0.10 0.10 
C  0.00 0.00 0.40 0.10 0.10 
G  0.00 0.20 0.10 0.20 0.10 
----------------------------

-----------PSSM------------- 
A  0.30 0.00 1.00 0.40 0.40 
T  0.10 0.00 0.00 0.10 0.20 
C  0.40 1.00 0.00 0.20 0.40 
G  0.20 0.00 0.00 0.30 0.00 
----------------------------

-----------PSSM------------- 
A  0.00 1.00 1.00 0.90 0.60 
T  0.20 0.00 0.00 0.00 0.00 
C  0.60 0.00 0.00 0.10 0.20 
G  0.20 0.00 0.00 0.00 0.20 
----------------------------

-----------PSSM------------- 
A  0.30 0.00 1.00 0.40 0.40 
T  0.10 0.00 0.00 0.10 0.20 
C  0.40 1.00 0.00 0.20 0.40 
G  0.20 0.00 0.00 0.30 0.00 
----------------------------

-----------PSSM------------- 
A  0.00 1.00 1.00 0.90 0.60 
T  0.20 0.00 0.00 0.00 0.00 
C  0.60 0.00 0.00 0.10 0.20 
G  0.20 0.00 0.00 0.00 0.20 
----------------------------

-----------PSSM------------- 
A  1.00 0.50 0.00 0.60 0.60 
T  0.00 0.20 0.00 0.00 0.20 
C  0.00 0.10 1.00 0.30 0.20 
G  0.00 0.20 0.00 0.10 0.00 
----------------------------

-----------PSSM------------- 
A  0.00 0.30 1.00 0.80 0.60 
T  0.00 0.20 0.00 0.00 0.10 
C  1.00 0.50 0.00 0.00 0.20 
G  0.00 0.00 0.00 0.20 0.10 
----------------------------

-----------PSSM------------- 
A  1.00 0.70 1.00 0.60 0.60 
T  0.00 0.00 0.00 0.00 0.10 
C  0.00 0.20 0.00 0.10 0.10 
G  0.00 0.10 0.00 0.30 0.20 
----------------------------

-----------PSSM------------- 
A  0.30 1.00 0.70 0.60 1.00 
T  0.20 0.00 0.00 0.10 0.00 
C  0.50 0.00 0.00 0.30 0.00 
G  0.00 0.00 0.30 0.00 0.00 
----------------------------

-----------PSSM------------- 
A  0.50 0.00 0.60 0.60 0.40 
T  0.20 0.00 0.00 0.20 0.10 
C  0.10 1.00 0.30 0.20 0.40 
G  0.20 0.00 0.10 0.00 0.10 
----------------------------

-----------PSSM------------- 
A  0.50 1.00 0.60 0.60 0.50 
T  0.00 0.00 0.10 0.00 0.00 
C  0.40 0.00 0.00 0.20 0.30 
G  0.10 0.00 0.30 0.20 0.20 
----------------------------

-----------PSSM------------- 
A  1.00 0.40 0.30 1.00 0.70 
T  0.00 0.10 0.10 0.00 0.10 
C  0.00 0.20 0.50 0.00 0.10 
G  0.00 0.30 0.10 0.00 0.10 
----------------------------

-----------PSSM------------- 
A  0.00 0.40 0.50 1.00 0.50 
T  0.00 0.10 0.10 0.00 0.00 
C  1.00 0.40 0.20 0.00 0.40 
G  0.00 0.10 0.20 0.00 0.10 
----------------------------

-----------PSSM------------- 
A  1.00 0.50 0.60 0.00 0.60 
T  0.00 0.30 0.20 0.00 0.00 
C  0.00 0.10 0.20 0.00 0.20 
G  0.00 0.10 0.00 1.00 0.20 
----------------------------

-----------PSSM------------- 
A  0.60 1.00 0.60 0.00 0.70 
T  0.00 0.00 0.20 0.00 0.00 
C  0.30 0.00 0.10 1.00 0.20 
G  0.10 0.00 0.10 0.00 0.10 
----------------------------

-----------PSSM------------- 
A  0.40 0.00 0.20 1.00 0.80 
T  0.10 0.00 0.40 0.00 0.10 
C  0.20 1.00 0.40 0.00 0.00 
G  0.30 0.00 0.00 0.00 0.10 
----------------------------

-----------PSSM------------- 
A  0.10 1.00 0.70 1.00 0.60 
T  0.20 0.00 0.00 0.00 0.00 
C  0.50 0.00 0.20 0.00 0.10 
G  0.20 0.00 0.10 0.00 0.30 
----------------------------

-----------PSSM------------- 
A  0.30 1.00 0.70 0.60 1.00 
T  0.20 0.00 0.00 0.10 0.00 
C  0.50 0.00 0.00 0.30 0.00 
G  0.00 0.00 0.30 0.00 0.00 
----------------------------

-----------PSSM------------- 
A  0.50 0.00 0.60 0.60 0.40 
T  0.20 0.00 0.00 0.20 0.10 
C  0.10 1.00 0.30 0.20 0.40 
G  0.20 0.00 0.10 0.00 0.10 
----------------------------

-----------PSSM------------- 
A  0.50 1.00 0.60 0.60 0.50 
T  0.00 0.00 0.10 0.00 0.00 
C  0.40 0.00 0.00 0.20 0.30 
G  0.10 0.00 0.30 0.20 0.20 
----------------------------

-----------PSSM------------- 
A  0.60 1.00 0.60 0.00 0.70 
T  0.00 0.00 0.20 0.00 0.00 
C  0.30 0.00 0.10 1.00 0.20 
G  0.10 0.00 0.10 0.00 0.10 
----------------------------

-----------PSSM------------- 
A  0.40 0.00 0.20 1.00 0.80 
T  0.10 0.00 0.40 0.00 0.10 
C  0.20 1.00 0.40 0.00 0.00 
G  0.30 0.00 0.00 0.00 0.10 
----------------------------

-----------PSSM------------- 
A  0.10 1.00 0.70 1.00 0.60 
T  0.20 0.00 0.00 0.00 0.00 
C  0.50 0.00 0.20 0.00 0.10 
G  0.20 0.00 0.10 0.00 0.30 
----------------------------

-----------PSSM------------- 
A  1.00 0.80 0.50 0.60 0.70 
T  0.00 0.00 0.00 0.10 0.10 
C  0.00 0.00 0.40 0.10 0.10 
G  0.00 0.20 0.10 0.20 0.10 
----------------------------

-----------PSSM------------- 
A  1.00 0.40 0.30 1.00 0.70 
T  0.00 0.10 0.10 0.00 0.10 
C  0.00 0.20 0.50 0.00 0.10 
G  0.00 0.30 0.10 0.00 0.10 
----------------------------

-----------PSSM------------- 
A  0.00 0.40 0.50 1.00 0.50 
T  0.00 0.10 0.10 0.00 0.00 
C  1.00 0.40 0.20 0.00 0.40 
G  0.00 0.10 0.20 0.00 0.10 
----------------------------

-----------PSSM------------- 
A  1.00 0.50 0.60 0.00 0.60 
T  0.00 0.30 0.20 0.00 0.00 
C  0.00 0.10 0.20 0.00 0.20 
G  0.00 0.10 0.00 1.00 0.20 
----------------------------

-----------PSSM------------- 
A  0.30 1.00 0.70 0.60 1.00 
T  0.20 0.00 0.00 0.10 0.00 
C  0.50 0.00 0.00 0.30 0.00 
G  0.00 0.00 0.30 0.00 0.00 
----------------------------

-----------PSSM------------- 
A  0.50 0.00 0.60 0.60 0.40 
T  0.20 0.00 0.00 0.20 0.10 
C  0.10 1.00 0.30 0.20 0.40 
G  0.20 0.00 0.10 0.00 0.10 
----------------------------

-----------PSSM------------- 
A  0.50 1.00 0.60 0.60 0.50 
T  0.00 0.00 0.10 0.00 0.00 
C  0.40 0.00 0.00 0.20 0.30 
G  0.10 0.00 0.30 0.20 0.20 
----------------------------

-----------PSSM------------- 
A  0.30 0.40 1.00 0.80 0.40 
T  0.10 0.10 0.00 0.10 0.10 
C  0.30 0.40 0.00 0.00 0.40 
G  0.30 0.10 0.00 0.10 0.10 
----------------------------

-----------PSSM------------- 
A  0.40 0.40 1.00 0.40 0.90 
T  0.10 0.00 0.00 0.00 0.00 
C  0.20 0.30 0.00 0.50 0.10 
G  0.30 0.30 0.00 0.10 0.00 
----------------------------

-----------PSSM------------- 
A  0.50 0.60 0.00 0.60 0.30 
T  0.30 0.20 0.00 0.00 0.30 
C  0.10 0.20 0.00 0.20 0.30 
G  0.10 0.00 1.00 0.20 0.10 
----------------------------

-----------PSSM------------- 
A  1.00 0.50 0.00 0.60 0.60 
T  0.00 0.20 0.00 0.00 0.20 
C  0.00 0.10 1.00 0.30 0.20 
G  0.00 0.20 0.00 0.10 0.00 
----------------------------

-----------PSSM------------- 
A  0.00 0.30 1.00 0.80 0.60 
T  0.00 0.20 0.00 0.00 0.10 
C  1.00 0.50 0.00 0.00 0.20 
G  0.00 0.00 0.00 0.20 0.10 
----------------------------

-----------PSSM------------- 
A  1.00 0.70 1.00 0.60 0.60 
T  0.00 0.00 0.00 0.00 0.10 
C  0.00 0.20 0.00 0.10 0.10 
G  0.00 0.10 0.00 0.30 0.20 
----------------------------

-----------PSSM------------- 
A  1.00 0.40 0.30 1.00 0.70 
T  0.00 0.10 0.10 0.00 0.10 
C  0.00 0.20 0.50 0.00 0.10 
G  0.00 0.30 0.10 0.00 0.10 
----------------------------

-----------PSSM------------- 
A  0.00 0.40 0.50 1.00 0.50 
T  0.00 0.10 0.10 0.00 0.00 
C  1.00 0.40 0.20 0.00 0.40 
G  0.00 0.10 0.20 0.00 0.10 
----------------------------

-----------PSSM------------- 
A  1.00 0.50 0.60 0.00 0.60 
T  0.00 0.30 0.20 0.00 0.00 
C  0.00 0.10 0.20 0.00 0.20 
G  0.00 0.10 0.00 1.00 0.20 
----------------------------

-----------PSSM------------- 
A  0.60 1.00 0.60 0.00 0.70 
T  0.00 0.00 0.20 0.00 0.00 
C  0.30 0.00 0.10 1.00 0.20 
G  0.10 0.00 0.10 0.00 0.10 
----------------------------

-----------PSSM------------- 
A  0.40 0.00 0.20 1.00 0.80 
T  0.10 0.00 0.40 0.00 0.10 
C  0.20 1.00 0.40 0.00 0.00 
G  0.30 0.00 0.00 0.00 0.10 
----------------------------

-----------PSSM------------- 
A  0.10 1.00 0.70 1.00 0.60 
T  0.20 0.00 0.00 0.00 0.00 
C  0.50 0.00 0.20 0.00 0.10 
G  0.20 0.00 0.10 0.00 0.30 
----------------------------

-----------PSSM------------- 
A  0.30 0.00 1.00 0.40 0.40 
T  0.10 0.00 0.00 0.10 0.20 
C  0.40 1.00 0.00 0.20 0.40 
G  0.20 0.00 0.00 0.30 0.00 
----------------------------

-----------PSSM------------- 
A  0.00 1.00 1.00 0.90 0.60 
T  0.20 0.00 0.00 0.00 0.00 
C  0.60 0.00 0.00 0.10 0.20 
G  0.20 0.00 0.00 0.00 0.20 
----------------------------

-----------PSSM------------- 
A  0.60 1.00 0.60 0.00 0.70 
T  0.00 0.00 0.20 0.00 0.00 
C  0.30 0.00 0.10 1.00 0.20 
G  0.10 0.00 0.10 0.00 0.10 
----------------------------

-----------PSSM------------- 
A  0.40 0.00 0.20 1.00 0.80 
T  0.10 0.00 0.40 0.00 0.10 
C  0.20 1.00 0.40 0.00 0.00 
G  0.30 0.00 0.00 0.00 0.10 
----------------------------

-----------PSSM------------- 
A  0.10 1.00 0.70 1.00 0.60 
T  0.20 0.00 0.00 0.00 0.00 
C  0.50 0.00 0.20 0.00 0.10 
G  0.20 0.00 0.10 0.00 0.30 
----------------------------

-----------PSSM------------- 
A  0.30 1.00 0.70 0.60 1.00 
T  0.20 0.00 0.00 0.10 0.00 
C  0.50 0.00 0.00 0.30 0.00 
G  0.00 0.00 0.30 0.00 0.00 
----------------------------

-----------PSSM------------- 
A  0.50 0.00 0.60 0.60 0.40 
T  0.20 0.00 0.00 0.20 0.10 
C  0.10 1.00 0.30 0.20 0.40 
G  0.20 0.00 0.10 0.00 0.10 
----------------------------

-----------PSSM------------- 
A  0.50 1.00 0.60 0.60 0.50 
T  0.00 0.00 0.10 0.00 0.00 
C  0.40 0.00 0.00 0.20 0.30 
G  0.10 0.00 0.30 0.20 0.20 
----------------------------

-----------PSSM------------- 
A  0.60 0.40 0.00 1.00 0.50 
T  0.00 0.10 0.00 0.00 0.20 
C  0.10 0.40 1.00 0.00 0.10 
G  0.30 0.10 0.00 0.00 0.20 
----------------------------

-----------PSSM------------- 
A  1.00 0.50 0.00 0.60 0.60 
T  0.00 0.20 0.00 0.00 0.20 
C  0.00 0.10 1.00 0.30 0.20 
G  0.00 0.20 0.00 0.10 0.00 
----------------------------

-----------PSSM------------- 
A  1.00 0.50 0.00 0.60 0.60 
T  0.00 0.20 0.00 0.00 0.20 
C  0.00 0.10 1.00 0.30 0.20 
G  0.00 0.20 0.00 0.10 0.00 
----------------------------

-----------PSSM------------- 
A  0.30 0.00 1.00 0.40 0.40 
T  0.10 0.00 0.00 0.10 0.20 
C  0.40 1.00 0.00 0.20 0.40 
G  0.20 0.00 0.00 0.30 0.00 
----------------------------

-----------PSSM------------- 
A  0.00 1.00 1.00 0.90 0.60 
T  0.20 0.00 0.00 0.00 0.00 
C  0.60 0.00 0.00 0.10 0.20 
G  0.20 0.00 0.00 0.00 0.20 
----------------------------

-----------PSSM------------- 
A  0.60 0.40 0.00 1.00 0.50 
T  0.00 0.10 0.00 0.00 0.20 
C  0.10 0.40 1.00 0.00 0.10 
G  0.30 0.10 0.00 0.00 0.20 
----------------------------

-----------PSSM------------- 
A  0.20 0.10 1.00 1.00 0.80 
T  0.00 0.20 0.00 0.00 0.00 
C  0.50 0.50 0.00 0.00 0.20 
G  0.30 0.20 0.00 0.00 0.00 
----------------------------

-----------PSSM------------- 
A  1.00 0.80 0.50 0.60 0.70 
T  0.00 0.00 0.00 0.10 0.10 
C  0.00 0.00 0.40 0.10 0.10 
G  0.00 0.20 0.10 0.20 0.10 
----------------------------

-----------PSSM------------- 
A  0.60 1.00 0.60 0.00 0.70 
T  0.00 0.00 0.20 0.00 0.00 
C  0.30 0.00 0.10 1.00 0.20 
G  0.10 0.00 0.10 0.00 0.10 
----------------------------

-----------PSSM------------- 
A  0.60 0.40 0.00 1.00 0.50 
T  0.00 0.10 0.00 0.00 0.20 
C  0.10 0.40 1.00 0.00 0.10 
G  0.30 0.10 0.00 0.00 0.20 
----------------------------

-----------PSSM------------- 
A  0.60 0.40 0.00 1.00 0.50 
T  0.00 0.10 0.00 0.00 0.20 
C  0.10 0.40 1.00 0.00 0.10 
G  0.30 0.10 0.00 0.00 0.20 
----------------------------

-----------PSSM------------- 
A  1.00 0.50 0.00 0.60 0.60 
T  0.00 0.20 0.00 0.00 0.20 
C  0.00 0.10 1.00 0.30 0.20 
G  0.00 0.20 0.00 0.10 0.00 
----------------------------

-----------PSSM------------- 
A  0.60 0.40 0.00 1.00 0.50 
T  0.00 0.10 0.00 0.00 0.20 
C  0.10 0.40 1.00 0.00 0.10 
G  0.30 0.10 0.00 0.00 0.20 
----------------------------

-----------PSSM------------- 
A  0.30 0.40 1.00 0.80 0.40 
T  0.10 0.10 0.00 0.10 0.10 
C  0.30 0.40 0.00 0.00 0.40 
G  0.30 0.10 0.00 0.10 0.10 
----------------------------

-----------PSSM------------- 
A  1.00 0.80 0.50 0.60 0.70 
T  0.00 0.00 0.00 0.10 0.10 
C  0.00 0.00 0.40 0.10 0.10 
G  0.00 0.20 0.10 0.20 0.10 
----------------------------

-----------PSSM------------- 
A  0.30 1.00 0.70 0.60 1.00 
T  0.20 0.00 0.00 0.10 0.00 
C  0.50 0.00 0.00 0.30 0.00 
G  0.00 0.00 0.30 0.00 0.00 
----------------------------

-----------PSSM------------- 
A  0.60 1.00 0.60 0.00 0.70 
T  0.00 0.00 0.20 0.00 0.00 
C  0.30 0.00 0.10 1.00 0.20 
G  0.10 0.00 0.10 0.00 0.10 
----------------------------

-----------PSSM------------- 
A  1.00 0.80 0.50 0.60 0.70 
T  0.00 0.00 0.00 0.10 0.10 
C  0.00 0.00 0.40 0.10 0.10 
G  0.00 0.20 0.10 0.20 0.10 
----------------------------

-----------PSSM------------- 
A  1.00 1.00 0.80 0.60 0.70 
T  0.00 0.00 0.00 0.00 0.10 
C  0.00 0.00 0.10 0.30 0.00 
G  0.00 0.00 0.10 0.10 0.20 
----------------------------

-----------PSSM------------- 
A  0.30 1.00 0.70 0.60 1.00 
T  0.20 0.00 0.00 0.10 0.00 
C  0.50 0.00 0.00 0.30 0.00 
G  0.00 0.00 0.30 0.00 0.00 
----------------------------

-----------PSSM------------- 
A  0.30 1.00 0.70 0.60 1.00 
T  0.20 0.00 0.00 0.10 0.00 
C  0.50 0.00 0.00 0.30 0.00 
G  0.00 0.00 0.30 0.00 0.00 
----------------------------
