

PSSM: 
a  1.00 0.60 0.90 0.90 1.00 
t  0.00 0.00 0.10 0.10 0.00 
c  0.00 0.20 0.00 0.00 0.00 
g  0.00 0.20 0.00 0.00 0.00 

Motif Consensus: 
aaaaa




PSSM: 
a  1.00 0.50 0.90 1.00 1.00 
t  0.00 0.10 0.10 0.00 0.00 
c  0.00 0.20 0.00 0.00 0.00 
g  0.00 0.20 0.00 0.00 0.00 

Motif Consensus: 
aaaaa




PSSM: 
a  1.00 1.00 0.30 0.10 0.70 
t  0.00 0.00 0.40 0.50 0.10 
c  0.00 0.00 0.00 0.20 0.10 
g  0.00 0.00 0.30 0.20 0.10 

Motif Consensus: 
aatta




PSSM: 
a  1.00 1.00 0.30 0.10 0.80 
t  0.00 0.00 0.40 0.50 0.10 
c  0.00 0.00 0.00 0.30 0.10 
g  0.00 0.00 0.30 0.10 0.00 

Motif Consensus: 
aatta




PSSM: 
a  1.70 1.80 0.50 0.20 1.60 
t  0.00 0.00 0.90 1.00 0.10 
c  0.10 0.00 0.00 0.40 0.10 
g  0.00 0.00 0.40 0.20 0.00 

Motif Consensus: 
aatta




PSSM: 
a  1.00 0.30 1.00 0.80 0.20 
t  0.00 0.30 0.00 0.00 0.70 
c  0.00 0.10 0.00 0.10 0.10 
g  0.00 0.30 0.00 0.10 0.00 

Motif Consensus: 
aaaat




PSSM: 
a  1.00 0.20 0.90 0.80 0.20 
t  0.00 0.40 0.00 0.00 0.70 
c  0.00 0.10 0.00 0.10 0.10 
g  0.00 0.30 0.10 0.10 0.00 

Motif Consensus: 
ataat




PSSM: 
a  1.00 0.80 1.00 0.90 0.90 
t  0.00 0.20 0.00 0.10 0.00 
c  0.00 0.00 0.00 0.00 0.10 
g  0.00 0.00 0.00 0.00 0.00 

Motif Consensus: 
aaaaa




PSSM: 
a  0.90 0.80 1.00 1.00 1.00 
t  0.00 0.20 0.00 0.00 0.00 
c  0.10 0.00 0.00 0.00 0.00 
g  0.00 0.00 0.00 0.00 0.00 

Motif Consensus: 
aaaaa


